0,1
1,1
2,1
3,2
4,2
5,2
6,2
7,3
8,3
9,3
10,3
11,4
12,4
13,4
14,4
15,4
16,5
17,5
18,5
19,5
20,5
21,5
22,6
23,6
24,6
25,6
26,6
27,7
28,7
29,7
30,7
31,7
32,8
33,8
34,8
35,8
36,8
37,8
38,9
39,9
40,9
41,9
42,9
43,9
44,10
45,10
46,10
47,10
48,10
49,10
50,10
51,11
52,11
53,11
54,11
55,11
56,11
57,11
58,12
59,12
60,12
61,12
62,12
63,12
64,12
65,13
66,13
67,13
68,13
69,13
70,13
71,13
72,14
73,14
74,14
75,14
76,14
77,14
78,14
79,15
80,15
81,15
82,15
83,15
84,15
85,16
86,16
87,16
88,16
89,16
90,16
91,17
92,17
93,17
94,17
95,17
96,17
97,17
98,18
99,18
100,18
101,18
102,18
103,19
104,19
105,19
106,19
107,20
108,20
109,20
110,20
111,21
112,21
113,21
114,21
115,22
116,22
117,22
118,22
119,23
120,23
121,23
122,23
123,24
124,24
125,24
126,24
127,25
128,25
129,26
130,26
131,27
132,27
133,28
134,28
135,29
136,29
137,30
138,30
139,30
140,31
141,31
142,31
143,32
144,32
145,32
146,32
147,32
148,33
149,33
150,33
151,33
152,33
153,34
154,34
155,34
156,34
157,34
158,35
159,35
160,35
161,35
162,35
163,36
164,36
165,36
166,36
167,36
168,37
169,37
170,37
171,37
172,37
173,38
174,38
175,38
176,38
177,38
178,39
179,39
180,39
181,40
182,40
183,40
184,41
185,41
186,42
187,42
188,43
189,43
190,44
191,44
192,45
193,45
194,46
195,46
196,47
197,47
198,48
199,48
200,49
201,49
202,50
203,50
204,50
205,51
206,51
207,52
208,52
209,53
210,53
211,54
212,54
213,55
214,55
215,56
216,56
217,57
218,57
219,58
220,58
221,59
222,59
223,60
224,60
225,61
226,61
227,62
228,62
229,63
230,63
231,64
232,64
233,65
234,65
235,66
236,66
237,67
238,67
239,68
240,68
241,68
242,69
243,69
244,69
245,70
246,70
247,70
248,71
249,71
250,71
251,71
252,72
253,72
254,72
255,72
256,73
257,73
258,73
259,73
260,74
261,74
262,74
263,75
264,75
265,75
266,76
267,76
268,76
269,77
270,77
271,77
272,78
273,78
274,78
275,79
276,79
277,79
278,80
279,80
280,80
281,81
282,81
283,81
284,82
285,82
286,82
287,83
288,83
289,83
290,84
291,84
292,84
293,85
294,85
295,85
296,85
297,86
298,86
299,86
300,86
301,87
302,87
303,87
304,87
305,88
306,88
307,88
308,88
309,89
310,89
311,89
312,90
313,90
314,90
315,91
316,91
317,91
318,92
319,92
320,92
321,93
322,93
323,93
324,94
325,94
326,94
327,95
328,95
329,95
330,96
331,96
332,96
333,97
334,97
335,97
336,98
337,98
338,98
339,99
340,99
341,99
342,100
343,100
344,100
345,101
346,101
347,101
348,102
349,102
350,102
351,103
352,103
353,103
354,104
355,104
356,104
357,105
358,105
359,105
360,106
361,106
362,106
363,107
364,107
365,107
366,108
367,108
368,108
369,109
370,109
371,109
372,110
373,110
374,110
375,111
376,111
377,111
378,112
379,112
380,112
381,113
382,113
383,113
384,114
385,114
386,114
387,115
388,115
389,115
390,116
391,116
392,116
393,117
394,117
395,117
396,118
397,118
398,118
399,119
400,119
401,119
402,120
403,120
404,120
405,120
406,121
407,121
408,121
409,121
410,122
411,122
412,122
413,122
414,123
415,123
416,123
417,123
418,124
419,124
420,124
421,124
422,125
423,125
424,125
425,125
426,126
427,126
428,126
429,126
430,127
431,127
432,127
433,127
434,128
435,128
436,128
437,128
438,129
439,129
440,129
441,129
442,130
443,130
444,130
445,130
446,131
447,131
448,131
449,131
450,132
451,132
452,132
453,132
454,133
455,133
456,133
457,133
458,134
459,134
460,134
461,134
462,135
463,135
464,135
465,135
466,136
467,136
468,136
469,136
470,137
471,137
472,137
473,137
474,138
475,138
476,138
477,138
478,139
479,139
480,139
481,139
482,140
483,140
484,140
485,140
486,141
487,141
488,141
489,141
490,142
491,142
492,142
493,142
494,143
495,143
496,143
497,143
498,144
499,144
500,144
501,144
502,145
503,145
504,145
505,146
506,146
507,146
508,147
509,147
510,147
511,148
512,148
513,148
514,149
515,149
516,149
517,150
518,150
519,150
520,151
521,151
522,151
523,152
524,152
525,152
526,153
527,153
528,153
529,153
530,154
531,154
532,154
533,154
534,155
535,155
536,155
537,155
538,156
539,156
540,156
541,156
542,157
543,157
544,157
545,157
546,158
547,158
548,158
549,158
550,158
551,159
552,159
553,159
554,159
555,159
556,159
557,160
558,160
559,160
560,160
561,160
562,160
563,160
564,161
565,161
566,161
567,161
568,161
569,161
570,161
571,162
572,162
573,162
574,162
575,162
576,162
577,162
578,163
579,163
580,163
581,163
582,163
583,163
584,163
585,164
586,164
587,164
588,164
589,164
590,164
591,164
592,165
593,165
594,165
595,165
596,165
597,165
598,165
599,166
600,166
601,166
602,166
603,166
604,166
605,166
606,167
607,167
608,167
609,167
610,167
611,167
612,167
613,168
614,168
615,168
616,168
617,168
618,168
619,168
620,169
621,169
622,169
623,169
624,169
625,169
626,169
627,170
628,170
629,170
630,170
631,170
632,170
633,171
634,171
635,171
636,172
637,172
638,172
639,173
640,173
641,173
642,174
643,174
644,174
645,175
646,175
647,175
648,176
649,176
650,176
651,177
652,177
653,177
654,177
655,178
656,178
657,178
658,178
659,178
660,178
661,178
662,179
663,179
664,179
665,179
666,179
667,179
668,179
669,180
670,180
671,180
672,180
673,180
674,180
675,180
676,181
677,181
678,181
679,181
680,181
681,181
682,181
683,182
684,182
685,182
686,182
687,182
688,182
689,182
690,183
691,183
692,183
693,183
694,183
695,183
696,183
697,184
698,184
699,184
700,184
701,184
702,184
703,184
704,185
705,185
706,185
707,185
708,185
709,185
710,185
711,186
712,186
713,186
714,186
715,186
716,186
717,186
718,187
719,187
720,187
721,187
722,187
723,187
724,187
725,188
726,188
727,188
728,188
729,188
730,188
731,188
732,189
733,189
734,189
735,189
736,189
737,189
738,189
739,190
740,190
741,190
742,190
743,190
744,190
745,190
746,191
747,191
748,191
749,191
750,191
751,191
752,191
753,192
754,192
755,192
756,192
757,192
758,192
759,192
760,193
761,193
762,193
763,193
764,193
765,193
766,193
767,194
768,194
769,194
770,194
771,194
772,194
773,194
774,195
775,195
776,195
777,195
778,195
779,195
780,195
781,196
782,196
783,196
784,196
785,196
786,196
787,196
788,197
789,197
790,197
791,197
792,197
793,197
794,197
795,198
796,198
797,198
798,198
799,198
800,198
801,198
802,199
803,199
804,199
805,199
806,199
807,199
808,199
809,200
810,200
811,200
812,200
813,200
814,200
815,200
816,201
817,201
818,201
819,201
820,201
821,201
822,201
823,202
824,202
825,202
826,202
827,202
828,202
829,202
830,203
831,203
832,203
833,203
834,203
835,203
836,203
837,204
838,204
839,204
840,204
841,204
842,204
843,204
844,205
845,205
846,205
847,205
848,205
849,205
850,205
851,206
852,206
853,206
854,206
855,206
856,206
857,206
858,207
859,207
860,207
861,207
862,207
863,207
864,208
865,208
866,208
867,208
868,208
869,208
870,209
871,209
872,209
873,209
874,209
875,209
876,210
877,210
878,210
879,210
880,210
881,210
882,211
883,211
884,211
885,211
886,211
887,211
888,212
889,212
890,212
891,212
892,212
893,212
894,213
895,213
896,213
897,213
898,213
899,213
900,214
901,214
902,214
903,214
904,214
905,214
906,215
907,215
908,215
909,215
910,215
911,215
912,216
913,216
914,216
915,216
916,216
917,216
918,217
919,217
920,217
921,217
922,217
923,217
924,218
925,218
926,218
927,218
928,218
929,218
930,219
931,219
932,219
933,219
934,219
935,219
936,220
937,220
938,220
939,220
940,220
941,220
942,221
943,221
944,221
945,221
946,221
947,221
948,222
949,222
950,222
951,222
952,222
953,222
954,223
955,223
956,223
957,223
958,223
959,223
960,224
961,224
962,224
963,224
964,224
965,224
966,225
967,225
968,225
969,225
970,225
971,225
972,226
973,226
974,226
975,226
976,226
977,226
978,227
979,227
980,227
981,227
982,227
983,227
984,228
985,228
986,228
987,228
988,228
989,228
990,229
991,229
992,229
993,229
994,229
995,229
996,229
997,230
998,230
999,230
1000,230
1001,230
1002,230
1003,230
1004,231
1005,231
1006,231
1007,231
1008,231
1009,231
1010,231
1011,232
1012,232
1013,232
1014,232
1015,232
1016,232
1017,232
1018,233
1019,233
1020,233
1021,233
1022,233
1023,233
1024,233
1025,234
1026,234
1027,234
1028,234
1029,234
1030,234
1031,234
1032,235
1033,235
1034,235
1035,235
1036,235
1037,235
1038,235
1039,236
1040,236
1041,236
1042,236
1043,236
1044,236
1045,237
1046,237
1047,237
1048,237
1049,237
1050,237
1051,238
1052,238
1053,238
1054,238
1055,238
1056,238
1057,239
1058,239
1059,239
1060,239
1061,239
1062,239
1063,240
1064,240
1065,240
1066,240
1067,241
1068,241
1069,241
1070,241
1071,242
1072,242
1073,242
1074,242
1075,243
1076,243
1077,243
1078,243
1079,243
1080,243
1081,244
1082,244
1083,244
1084,244
1085,244
1086,244
1087,245
1088,245
1089,245
1090,245
1091,245
1092,245
1093,246
1094,246
1095,246
1096,246
1097,246
1098,246
1099,247
1100,247
1101,247
1102,247
1103,247
1104,248
1105,248
1106,248
1107,248
1108,248
1109,249
1110,249
1111,249
1112,249
1113,249
1114,249
1115,250
1116,250
1117,250
1118,250
1119,250
1120,250
1121,250
1122,251
1123,251
1124,251
1125,251
1126,251
1127,251
1128,251
1129,252
1130,252
1131,252
1132,252
1133,252
1134,252
1135,253
1136,253
1137,253
1138,253
1139,253
1140,253
1141,254
1142,254
1143,254
1144,254
1145,254
1146,254
1147,254
1148,255
1149,255
1150,255
1151,255
1152,255
1153,255
1154,256
1155,256
1156,256
1157,256
1158,256
1159,256
1160,257
1161,257
1162,257
1163,257
1164,257
1165,257
1166,258
1167,258
1168,258
1169,258
1170,258
1171,258
1172,259
1173,259
1174,259
1175,259
1176,259
1177,260
1178,260
1179,260
1180,260
1181,260
1182,261
1183,261
1184,261
1185,261
1186,261
1187,262
1188,262
1189,262
1190,262
1191,263
1192,263
1193,263
1194,264
1195,264
1196,264
1197,265
1198,265
1199,265
1200,265
1201,266
1202,266
1203,266
1204,266
1205,267
1206,267
1207,267
1208,267
1209,267
1210,268
1211,268
1212,268
1213,268
1214,268
1215,269
1216,269
1217,269
1218,269
1219,270
1220,270
1221,270
1222,270
1223,270
1224,271
1225,271
1226,271
1227,271
1228,271
1229,272
1230,272
1231,272
1232,272
1233,273
1234,273
1235,273
1236,273
1237,274
1238,274
1239,274
1240,274
1241,275
1242,275
1243,275
1244,275
1245,276
1246,276
1247,276
1248,276
1249,277
1250,277
1251,277
1252,278
1253,278
1254,278
1255,278
1256,278
1257,278
1258,279
1259,279
1260,279
1261,279
1262,279
1263,279
1264,280
1265,280
1266,280
1267,280
1268,280
1269,280
1270,281
1271,281
1272,281
1273,281
1274,281
1275,281
1276,282
1277,282
1278,282
1279,282
1280,282
1281,282
1282,283
1283,283
1284,283
1285,283
1286,283
1287,283
1288,283
1289,284
1290,284
1291,284
1292,284
1293,284
1294,284
1295,284
1296,284
1297,285
1298,285
1299,285
1300,285
1301,285
1302,285
1303,285
1304,285
1305,285
1306,286
1307,286
1308,286
1309,286
1310,286
1311,286
1312,286
1313,286
1314,286
1315,287
1316,287
1317,287
1318,287
1319,287
1320,287
1321,287
1322,287
1323,288
1324,288
1325,288
1326,288
1327,288
1328,288
1329,288
1330,288
1331,289
1332,289
1333,289
1334,289
1335,289
1336,289
1337,289
1338,290
1339,290
1340,290
1341,290
1342,290
1343,290
1344,290
1345,291
1346,291
1347,291
1348,291
1349,291
1350,291
1351,291
1352,292
1353,292
1354,292
1355,292
1356,292
1357,292
1358,293
1359,293
1360,293
1361,293
1362,293
1363,293
1364,294
1365,294
1366,294
1367,294
1368,294
1369,295
1370,295
1371,295
1372,295
1373,296
1374,296
1375,296
1376,296
1377,296
1378,297
1379,297
1380,297
1381,297
1382,297
1383,298
1384,298
1385,298
1386,298
1387,298
1388,298
1389,299
1390,299
1391,299
1392,299
1393,299
1394,299
1395,300
1396,300
1397,300
1398,300
1399,300
1400,300
1401,301
1402,301
1403,301
1404,301
1405,301
1406,301
1407,302
1408,302
1409,302
1410,302
1411,302
1412,302
1413,302
1414,302
1415,303
1416,303
1417,303
1418,303
1419,303
1420,303
1421,303
1422,304
1423,304
1424,304
1425,304
1426,304
1427,304
1428,304
1429,305
1430,305
1431,305
1432,305
1433,305
1434,305
1435,305
1436,305
1437,306
1438,306
1439,306
1440,306
1441,306
1442,306
1443,306
1444,307
1445,307
1446,307
1447,307
1448,307
1449,307
1450,307
1451,307
1452,308
1453,308
1454,308
1455,308
1456,308
1457,308
1458,308
1459,308
1460,309
1461,309
1462,309
1463,309
1464,309
1465,309
1466,309
1467,310
1468,310
1469,310
1470,310
1471,310
1472,310
1473,310
1474,310
1475,311
1476,311
1477,311
1478,311
1479,311
1480,311
1481,311
1482,311
1483,312
1484,312
1485,312
1486,312
1487,312
1488,312
1489,312
1490,313
1491,313
1492,313
1493,313
1494,313
1495,313
1496,313
1497,314
1498,314
1499,314
1500,314
1501,314
1502,314
1503,314
1504,315
1505,315
1506,315
1507,315
1508,315
1509,315
1510,316
1511,316
1512,316
1513,316
1514,316
1515,316
1516,317
1517,317
1518,317
1519,317
1520,317
1521,317
1522,318
1523,318
1524,318
1525,318
1526,318
1527,318
1528,319
1529,319
1530,319
1531,319
1532,319
1533,319
1534,320
1535,320
1536,320
1537,320
1538,320
1539,321
1540,321
1541,321
1542,321
1543,321
1544,322
1545,322
1546,322
1547,322
1548,322
1549,322
1550,323
1551,323
1552,323
1553,323
1554,323
1555,323
1556,324
1557,324
1558,324
1559,324
1560,324
1561,325
1562,325
1563,325
1564,325
1565,325
1566,326
1567,326
1568,326
1569,326
1570,326
1571,326
1572,327
1573,327
1574,327
1575,327
1576,327
1577,327
1578,328
1579,328
1580,328
1581,328
1582,328
1583,328
1584,329
1585,329
1586,329
1587,329
1588,329
1589,330
1590,330
1591,330
1592,330
1593,331
1594,331
1595,331
1596,331
1597,332
1598,332
1599,332
1600,332
1601,332
1602,333
1603,333
1604,333
1605,333
1606,333
1607,334
1608,334
1609,334
1610,334
1611,334
1612,334
1613,334
1614,335
1615,335
1616,335
1617,335
1618,335
1619,335
1620,336
1621,336
1622,336
1623,336
1624,336
1625,336
1626,337
1627,337
1628,337
1629,337
1630,337
1631,337
1632,338
1633,338
1634,338
1635,338
1636,338
1637,338
1638,339
1639,339
1640,339
1641,339
1642,339
1643,339
1644,340
1645,340
1646,340
1647,340
1648,340
1649,340
1650,341
1651,341
1652,341
1653,341
1654,341
1655,341
1656,341
1657,341
1658,342
1659,342
1660,342
1661,342
1662,342
1663,342
1664,342
1665,342
1666,343
1667,343
1668,343
1669,343
1670,343
1671,343
1672,343
1673,343
1674,344
1675,344
1676,344
1677,344
1678,344
1679,344
1680,344
1681,344
1682,345
1683,345
1684,345
1685,345
1686,345
1687,345
1688,345
1689,345
1690,346
1691,346
1692,346
1693,346
1694,346
1695,346
1696,346
1697,346
1698,347
1699,347
1700,347
1701,347
1702,347
1703,347
1704,347
1705,348
1706,348
1707,348
1708,348
1709,348
1710,348
1711,348
1712,349
1713,349
1714,349
1715,349
1716,349
1717,349
1718,350
1719,350
1720,350
1721,350
1722,350
1723,351
1724,351
1725,351
1726,351
1727,351
1728,352
1729,352
1730,352
1731,352
1732,352
1733,353
1734,353
1735,353
1736,353
1737,353
1738,354
1739,354
1740,354
1741,354
1742,354
1743,355
1744,355
1745,355
1746,355
1747,355
1748,356
1749,356
1750,356
1751,356
1752,356
1753,357
1754,357
1755,357
1756,357
1757,357
1758,358
1759,358
1760,358
1761,358
1762,358
1763,359
1764,359
1765,359
1766,359
1767,359
1768,360
1769,360
1770,360
1771,360
1772,360
1773,361
1774,361
1775,361
1776,361
1777,361
1778,362
1779,362
1780,362
1781,362
1782,362
1783,362
1784,363
1785,363
1786,363
1787,363
1788,363
1789,363
1790,364
1791,364
1792,364
1793,364
1794,364
1795,365
1796,365
1797,365
1798,365
1799,365
1800,366
1801,366
1802,366
1803,366
1804,367
1805,367
1806,367
1807,367
1808,368
1809,368
1810,368
1811,368
1812,369
1813,369
1814,369
1815,369
1816,370
1817,370
1818,370
1819,370
1820,371
1821,371
1822,371
1823,371
1824,371
1825,372
1826,372
1827,372
1828,372
1829,372
1830,373
1831,373
1832,373
1833,373
1834,373
1835,374
1836,374
1837,374
1838,374
1839,374
1840,374
1841,374
1842,375
1843,375
1844,375
1845,375
1846,375
1847,375
1848,375
1849,376
1850,376
1851,376
1852,376
1853,376
1854,376
1855,376
1856,377
1857,377
1858,377
1859,377
1860,377
1861,377
1862,377
1863,377
1864,378
1865,378
1866,378
1867,378
1868,378
1869,378
1870,378
1871,378
1872,379
1873,379
1874,379
1875,379
1876,379
1877,379
1878,379
1879,380
1880,380
1881,380
1882,380
1883,380
1884,380
1885,380
1886,380
1887,381
1888,381
1889,381
1890,381
1891,381
1892,381
1893,381
1894,381
1895,381
1896,382
1897,382
1898,382
1899,382
1900,382
1901,382
1902,382
1903,382
1904,383
1905,383
1906,383
1907,383
1908,383
1909,383
1910,383
1911,383
1912,384
1913,384
1914,384
1915,384
1916,384
1917,384
1918,384
1919,384
1920,385
1921,385
1922,385
1923,385
1924,385
1925,385
1926,385
1927,385
1928,386
1929,386
1930,386
1931,386
1932,386
1933,386
1934,386
1935,386
1936,387
1937,387
1938,387
1939,387
1940,387
1941,387
1942,387
1943,387
1944,388
1945,388
1946,388
1947,388
1948,388
1949,388
1950,388
1951,388
1952,389
1953,389
1954,389
1955,389
1956,389
1957,389
1958,389
1959,389
1960,390
1961,390
1962,390
1963,390
1964,390
1965,390
1966,390
1967,390
1968,391
1969,391
1970,391
1971,391
1972,391
1973,391
1974,391
1975,391
1976,392
1977,392
1978,392
1979,392
1980,392
1981,392
1982,392
1983,392
1984,393
1985,393
1986,393
1987,393
1988,393
1989,393
1990,393
1991,393
1992,394
1993,394
1994,394
1995,394
1996,394
1997,394
1998,394
1999,395
2000,395
2001,395
2002,395
2003,395
2004,395
2005,395
2006,396
2007,396
2008,396
2009,396
2010,396
2011,396
2012,396
2013,397
2014,397
2015,397
2016,397
2017,397
2018,397
2019,397
2020,398
2021,398
2022,398
2023,398
2024,398
2025,398
2026,398
2027,399
2028,399
2029,399
2030,399
2031,399
2032,399
2033,399
2034,400
2035,400
2036,400
2037,400
2038,400
2039,400
2040,401
2041,401
2042,401
2043,401
2044,401
2045,402
2046,402
2047,402
2048,402
2049,402
2050,403
2051,403
2052,403
2053,403
2054,403
2055,404
2056,404
2057,404
2058,404
2059,404
2060,405
2061,405
2062,405
2063,405
2064,406
2065,406
2066,406
2067,406
2068,407
2069,407
2070,407
2071,408
2072,408
2073,408
2074,409
2075,409
2076,409
2077,410
2078,410
2079,410
2080,411
2081,411
2082,411
2083,412
2084,412
2085,412
2086,413
2087,413
2088,413
2089,414
2090,414
2091,414
2092,415
2093,415
2094,415
2095,416
2096,416
2097,416
2098,417
2099,417
2100,417
2101,418
2102,418
2103,418
2104,418
2105,419
2106,419
2107,419
2108,419
2109,420
2110,420
2111,420
2112,420
2113,421
2114,421
2115,421
2116,421
2117,422
2118,422
2119,422
2120,422
2121,423
2122,423
2123,423
2124,423
2125,424
2126,424
2127,424
2128,424
2129,425
2130,425
2131,425
2132,425
2133,426
2134,426
2135,426
2136,426
2137,427
2138,427
2139,427
2140,427
2141,428
2142,428
2143,428
2144,428
2145,429
2146,429
2147,429
2148,429
2149,429
2150,430
2151,430
2152,430
2153,430
2154,430
2155,431
2156,431
2157,431
2158,431
2159,431
2160,432
2161,432
2162,432
2163,432
2164,432
2165,433
2166,433
2167,433
2168,433
2169,433
2170,434
2171,434
2172,434
2173,434
2174,434
2175,435
2176,435
2177,435
2178,435
2179,435
2180,436
2181,436
2182,436
2183,436
2184,437
2185,437
2186,437
2187,437
2188,437
2189,438
2190,438
2191,438
2192,438
2193,438
2194,439
2195,439
2196,439
2197,439
2198,440
2199,440
2200,440
2201,440
2202,441
2203,441
2204,441
2205,441
2206,442
2207,442
2208,442
2209,442
2210,443
2211,443
2212,443
2213,443
2214,444
2215,444
2216,444
2217,444
2218,444
2219,444
2220,444
2221,445
2222,445
2223,445
2224,445
2225,445
2226,445
2227,445
2228,446
2229,446
2230,446
2231,446
2232,446
2233,446
2234,446
2235,447
2236,447
2237,447
2238,447
2239,447
2240,447
2241,447
2242,448
2243,448
2244,448
2245,448
2246,448
2247,448
2248,448
2249,449
2250,449
2251,449
2252,449
2253,449
2254,449
2255,449
2256,449
2257,450
2258,450
2259,450
2260,450
2261,450
2262,450
2263,450
2264,450
2265,451
2266,451
2267,451
2268,451
2269,451
2270,451
2271,451
2272,451
2273,452
2274,452
2275,452
2276,452
2277,452
2278,452
2279,452
2280,452
2281,453
2282,453
2283,453
2284,453
2285,453
2286,453
2287,453
2288,453
2289,454
2290,454
2291,454
2292,454
2293,454
2294,454
2295,454
2296,454
2297,455
2298,455
2299,455
2300,455
2301,455
2302,455
2303,455
2304,455
2305,456
2306,456
2307,456
2308,456
2309,456
2310,456
2311,456
2312,457
2313,457
2314,457
2315,457
2316,457
2317,457
2318,457
2319,458
2320,458
2321,458
2322,458
2323,458
2324,458
2325,458
2326,459
2327,459
2328,459
2329,459
2330,459
2331,459
2332,459
2333,460
2334,460
2335,460
2336,460
2337,460
2338,460
2339,460
2340,461
2341,461
2342,461
2343,461
2344,461
2345,461
2346,462
2347,462
2348,462
2349,462
2350,462
2351,462
2352,463
2353,463
2354,463
2355,463
2356,463
2357,463
2358,463
2359,464
2360,464
2361,464
2362,464
2363,464
2364,464
2365,464
2366,465
2367,465
2368,465
2369,465
2370,465
2371,465
2372,466
2373,466
2374,466
2375,466
2376,466
2377,466
2378,467
2379,467
2380,467
2381,467
2382,467
2383,467
2384,468
2385,468
2386,468
2387,468
2388,468
2389,468
2390,469
2391,469
2392,469
2393,469
2394,469
2395,470
2396,470
2397,470
2398,470
2399,470
2400,471
2401,471
2402,471
2403,471
2404,471
2405,472
2406,472
2407,472
2408,472
2409,472
2410,473
2411,473
2412,473
2413,473
2414,473
2415,474
2416,474
2417,474
2418,474
2419,474
2420,475
2421,475
2422,475
2423,475
2424,475
2425,476
2426,476
2427,476
2428,476
2429,476
2430,477
2431,477
2432,477
2433,477
2434,477
2435,478
2436,478
2437,478
2438,478
2439,478
2440,479
2441,479
2442,479
2443,479
2444,479
2445,480
2446,480
2447,480
2448,480
2449,480
2450,481
2451,481
2452,481
2453,481
2454,481
2455,482
2456,482
2457,482
2458,482
2459,483
2460,483
2461,483
2462,483
2463,484
2464,484
2465,484
2466,484
2467,485
2468,485
2469,485
2470,485
2471,486
2472,486
2473,486
2474,486
2475,487
2476,487
2477,487
2478,487
2479,488
2480,488
2481,488
2482,488
2483,489
2484,489
2485,489
2486,489
2487,490
2488,490
2489,490
2490,490
2491,491
2492,491
2493,491
2494,491
2495,492
2496,492
2497,492
2498,492
2499,493
2500,493
2501,493
2502,493
2503,494
2504,494
2505,494
2506,494
2507,495
2508,495
2509,495
2510,495
2511,496
2512,496
2513,496
2514,496
2515,497
2516,497
2517,497
2518,497
2519,498
2520,498
2521,498
2522,498
2523,499
2524,499
2525,499
2526,499
2527,500
2528,500
2529,500
2530,500
2531,501
2532,501
2533,501
2534,501
2535,502
2536,502
2537,502
2538,503
2539,503
2540,503
2541,503
2542,504
2543,504
2544,504
2545,504
2546,505
2547,505
2548,505
2549,505
2550,506
2551,506
2552,506
2553,506
2554,507
2555,507
2556,507
2557,507
2558,508
2559,508
2560,508
2561,508
2562,509
2563,509
2564,509
2565,509
2566,510
2567,510
2568,510
2569,510
2570,511
2571,511
2572,511
2573,511
2574,512
2575,512
2576,512
2577,512
2578,512
2579,513
2580,513
2581,513
2582,513
2583,513
2584,514
2585,514
2586,514
2587,514
2588,514
2589,515
2590,515
2591,515
2592,515
2593,515
2594,516
2595,516
2596,516
2597,516
2598,516
2599,517
2600,517
2601,517
2602,517
2603,517
2604,518
2605,518
2606,518
2607,518
2608,519
2609,519
2610,519
2611,519
2612,520
2613,520
2614,520
2615,520
2616,521
2617,521
2618,521
2619,522
2620,522
2621,522
2622,523
2623,523
2624,523
2625,524
2626,524
2627,524
2628,525
2629,525
2630,525
2631,526
2632,526
2633,526
2634,527
2635,527
2636,527
2637,527
2638,528
2639,528
2640,528
2641,528
2642,528
2643,529
2644,529
2645,529
2646,529
2647,529
2648,530
2649,530
2650,530
2651,530
2652,530
2653,531
2654,531
2655,531
2656,531
2657,531
2658,532
2659,532
2660,532
2661,532
2662,532
2663,533
2664,533
2665,533
2666,533
2667,533
2668,533
2669,533
2670,534
2671,534
2672,534
2673,534
2674,534
2675,534
2676,534
2677,535
2678,535
2679,535
2680,535
2681,535
2682,535
2683,536
2684,536
2685,536
2686,536
2687,536
2688,537
2689,537
2690,537
2691,537
2692,537
2693,538
2694,538
2695,538
2696,538
2697,538
2698,539
2699,539
2700,539
2701,539
2702,539
2703,540
2704,540
2705,540
2706,540
2707,540
2708,541
2709,541
2710,541
2711,541
2712,541
2713,541
2714,542
2715,542
2716,542
2717,542
2718,542
2719,542
2720,543
2721,543
2722,543
2723,543
2724,543
2725,543
2726,544
2727,544
2728,544
2729,544
2730,544
2731,545
2732,545
2733,545
2734,545
2735,545
2736,546
2737,546
2738,546
2739,546
2740,546
2741,547
2742,547
2743,547
2744,547
2745,547
2746,548
2747,548
2748,548
2749,548
2750,548
2751,549
2752,549
2753,549
2754,549
2755,549
2756,550
2757,550
2758,550
2759,550
2760,550
2761,551
2762,551
2763,551
2764,551
2765,551
2766,552
2767,552
2768,552
2769,552
2770,552
2771,553
2772,553
2773,553
2774,553
2775,553
2776,554
2777,554
2778,554
2779,554
2780,554
2781,555
2782,555
2783,555
2784,555
2785,555
2786,556
2787,556
2788,556
2789,556
2790,556
2791,557
2792,557
2793,557
2794,557
2795,557
2796,558
2797,558
2798,558
2799,558
2800,558
2801,559
2802,559
2803,559
2804,559
2805,559
2806,560
2807,560
2808,560
2809,560
2810,560
2811,561
2812,561
2813,561
2814,561
2815,561
2816,562
2817,562
2818,562
2819,562
2820,562
2821,563
2822,563
2823,563
2824,563
2825,563
2826,564
2827,564
2828,564
2829,564
2830,565
2831,565
2832,565
2833,565
2834,566
2835,566
2836,566
2837,566
2838,567
2839,567
2840,567
2841,567
2842,568
2843,568
2844,568
2845,568
2846,569
2847,569
2848,569
2849,569
2850,570
2851,570
2852,570
2853,570
2854,571
2855,571
2856,571
2857,571
2858,572
2859,572
2860,572
2861,573
2862,573
2863,573
2864,574
2865,574
2866,575
2867,575
2868,576
2869,576
2870,577
2871,577
2872,578
2873,578
2874,579
2875,579
2876,580
2877,580
2878,581
2879,581
2880,581
2881,582
2882,582
2883,582
2884,583
2885,583
2886,583
2887,584
2888,584
2889,584
2890,584
2891,585
2892,585
2893,585
2894,586
2895,586
2896,586
2897,587
2898,587
2899,587
2900,588
2901,588
2902,588
2903,589
2904,589
2905,589
2906,590
2907,590
2908,590
2909,591
2910,591
2911,591
2912,592
2913,592
2914,592
2915,593
2916,593
2917,593
2918,593
2919,594
2920,594
2921,594
2922,594
2923,595
2924,595
2925,595
2926,595
2927,596
2928,596
2929,596
2930,596
2931,597
2932,597
2933,597
2934,597
2935,598
2936,598
2937,598
2938,598
2939,599
2940,599
2941,599
2942,600
2943,600
2944,600
2945,601
2946,601
2947,602
2948,602
2949,603
2950,603
2951,604
2952,604
2953,605
2954,605
2955,606
2956,606
2957,607
2958,607
2959,608
2960,608
2961,609
2962,609
2963,610
2964,610
2965,610
2966,610
2967,611
2968,611
2969,611
2970,611
2971,612
2972,612
2973,612
2974,612
2975,613
2976,613
2977,613
2978,613
2979,614
2980,614
2981,614
2982,614
2983,615
2984,615
2985,615
2986,615
2987,616
2988,616
2989,616
2990,616
2991,617
2992,617
2993,617
2994,617
2995,618
2996,618
2997,618
2998,619
2999,619
3000,619
3001,619
3002,620
3003,620
3004,620
3005,620
3006,621
3007,621
3008,621
3009,621
3010,622
3011,622
3012,622
3013,622
3014,623
3015,623
3016,623
3017,623
3018,624
3019,624
3020,624
3021,625
3022,625
3023,625
3024,626
3025,626
3026,626
3027,627
3028,627
3029,627
3030,628
3031,628
3032,628
3033,628
3034,629
3035,629
3036,629
3037,629
3038,630
3039,630
3040,630
3041,630
3042,631
3043,631
3044,631
3045,631
3046,632
3047,632
3048,632
3049,632
3050,633
3051,633
3052,633
3053,633
3054,634
3055,634
3056,634
3057,634
3058,635
3059,635
3060,635
3061,635
3062,636
3063,636
3064,636
3065,636
3066,637
3067,637
3068,637
3069,637
3070,638
3071,638
3072,638
3073,638
3074,639
3075,639
3076,639
3077,639
3078,640
3079,640
3080,640
3081,640
3082,641
3083,641
3084,641
3085,641
3086,642
3087,642
3088,642
3089,642
3090,643
3091,643
3092,643
3093,643
3094,644
3095,644
3096,644
3097,644
3098,645
3099,645
3100,645
3101,645
3102,646
3103,646
3104,646
3105,646
3106,647
3107,647
3108,647
3109,647
3110,648
3111,648
3112,648
3113,648
3114,649
3115,649
3116,649
3117,649
3118,650
3119,650
3120,650
3121,650
3122,651
3123,651
3124,651
3125,651
3126,652
3127,652
3128,652
3129,652
3130,653
3131,653
3132,653
3133,653
3134,654
3135,654
3136,654
3137,654
3138,655
3139,655
3140,655
3141,655
3142,656
3143,656
3144,656
3145,656
3146,657
3147,657
3148,657
3149,657
3150,658
3151,658
3152,658
3153,658
3154,659
3155,659
3156,659
3157,659
3158,660
3159,660
3160,660
3161,660
3162,661
3163,661
3164,661
3165,661
3166,661
3167,662
3168,662
3169,662
3170,662
3171,662
3172,663
3173,663
3174,663
3175,663
3176,663
3177,664
3178,664
3179,664
3180,664
3181,664
3182,665
3183,665
3184,665
3185,665
3186,665
3187,666
3188,666
3189,666
3190,666
3191,666
3192,667
3193,667
3194,667
3195,667
3196,667
3197,667
3198,668
3199,668
3200,668
3201,668
3202,668
3203,668
3204,669
3205,669
3206,669
3207,669
3208,669
3209,669
3210,669
3211,670
3212,670
3213,670
3214,670
3215,670
3216,670
3217,671
3218,671
3219,671
3220,671
3221,671
3222,671
3223,672
3224,672
3225,672
3226,672
3227,672
3228,673
3229,673
3230,673
3231,673
3232,673
3233,673
3234,674
3235,674
3236,674
3237,674
3238,674
3239,674
3240,675
3241,675
3242,675
3243,675
3244,675
3245,675
3246,676
3247,676
3248,676
3249,676
3250,676
3251,677
3252,677
3253,677
3254,677
3255,677
3256,678
3257,678
3258,678
3259,678
3260,678
3261,679
3262,679
3263,679
3264,679
3265,679
3266,680
3267,680
3268,680
3269,680
3270,680
3271,680
3272,681
3273,681
3274,681
3275,681
3276,681
3277,681
3278,682
3279,682
3280,682
3281,682
3282,682
3283,682
3284,683
3285,683
3286,683
3287,683
3288,683
3289,683
3290,684
3291,684
3292,684
3293,684
3294,684
3295,684
3296,685
3297,685
3298,685
3299,685
3300,685
3301,686
3302,686
3303,686
3304,686
3305,686
3306,686
3307,687
3308,687
3309,687
3310,687
3311,687
3312,687
3313,688
3314,688
3315,688
3316,688
3317,688
3318,688
3319,689
3320,689
3321,689
3322,689
3323,689
3324,689
3325,690
3326,690
3327,690
3328,690
3329,690
3330,690
3331,691
3332,691
3333,691
3334,691
3335,691
3336,691
3337,691
3338,692
3339,692
3340,692
3341,692
3342,692
3343,692
3344,692
3345,693
3346,693
3347,693
3348,693
3349,693
3350,693
3351,693
3352,694
3353,694
3354,694
3355,694
3356,694
3357,694
3358,695
3359,695
3360,695
3361,695
3362,695
3363,695
3364,696
3365,696
3366,696
3367,696
3368,696
3369,696
3370,697
3371,697
3372,697
3373,697
3374,697
3375,697
3376,698
3377,698
3378,698
3379,698
3380,698
3381,699
3382,699
3383,699
3384,699
3385,699
3386,699
3387,700
3388,700
3389,700
3390,700
3391,700
3392,700
3393,701
3394,701
3395,701
3396,701
3397,701
3398,701
3399,702
3400,702
3401,702
3402,702
3403,702
3404,702
3405,703
3406,703
3407,703
3408,703
3409,703
3410,703
3411,704
3412,704
3413,704
3414,704
3415,704
3416,704
3417,705
3418,705
3419,705
3420,705
3421,705
3422,705
3423,706
3424,706
3425,706
3426,706
3427,706
3428,706
3429,707
3430,707
3431,707
3432,707
3433,707
3434,707
3435,708
3436,708
3437,708
3438,708
3439,708
3440,709
3441,709
3442,709
3443,709
3444,709
3445,710
3446,710
3447,710
3448,710
3449,710
3450,711
3451,711
3452,711
3453,711
3454,711
3455,711
3456,712
3457,712
3458,712
3459,712
3460,712
3461,712
3462,713
3463,713
3464,713
3465,713
3466,713
3467,713
3468,714
3469,714
3470,714
3471,714
3472,714
3473,715
3474,715
3475,715
3476,715
3477,715
3478,716
3479,716
3480,716
3481,716
3482,716
3483,717
3484,717
3485,717
3486,717
3487,717
3488,718
3489,718
3490,718
3491,718
3492,718
3493,719
3494,719
3495,719
3496,719
3497,719
3498,720
3499,720
3500,720
3501,720
3502,720
3503,721
3504,721
3505,721
3506,721
3507,721
3508,721
3509,722
3510,722
3511,722
3512,722
3513,722
3514,722
3515,722
3516,723
3517,723
3518,723
3519,723
3520,723
3521,723
3522,723
3523,724
3524,724
3525,724
3526,724
3527,724
3528,724
3529,724
3530,724
3531,724
3532,725
3533,725
3534,725
3535,725
3536,725
3537,725
3538,725
3539,725
3540,725
3541,726
3542,726
3543,726
3544,726
3545,726
3546,726
3547,726
3548,726
3549,727
3550,727
3551,727
3552,727
3553,727
3554,727
3555,727
3556,727
3557,728
3558,728
3559,728
3560,728
3561,728
3562,728
3563,728
3564,729
3565,729
3566,729
3567,729
3568,729
3569,729
3570,729
3571,730
3572,730
3573,730
3574,730
3575,730
3576,730
3577,731
3578,731
3579,731
3580,731
3581,731
3582,731
3583,732
3584,732
3585,732
3586,732
3587,732
3588,732
3589,733
3590,733
3591,733
3592,733
3593,733
3594,733
3595,734
3596,734
3597,734
3598,734
3599,734
3600,734
3601,735
3602,735
3603,735
3604,735
3605,735
3606,735
3607,736
3608,736
3609,736
3610,736
3611,736
3612,736
3613,737
3614,737
3615,737
3616,737
3617,737
3618,737
3619,738
3620,738
3621,738
3622,738
3623,738
3624,738
3625,739
3626,739
3627,739
3628,739
3629,739
3630,739
3631,740
3632,740
3633,740
3634,740
3635,740
3636,740
3637,740
3638,740
3639,741
3640,741
3641,741
3642,741
3643,741
3644,741
3645,741
3646,741
3647,742
3648,742
3649,742
3650,742
3651,742
3652,742
3653,742
3654,742
3655,743
3656,743
3657,743
3658,743
3659,743
3660,743
3661,743
3662,743
3663,744
3664,744
3665,744
3666,744
3667,744
3668,744
3669,744
3670,745
3671,745
3672,745
3673,745
3674,745
3675,745
3676,745
3677,745
3678,746
3679,746
3680,746
3681,746
3682,746
3683,746
3684,746
3685,747
3686,747
3687,747
3688,747
3689,747
3690,747
3691,747
3692,748
3693,748
3694,748
3695,748
3696,748
3697,748
3698,748
3699,748
3700,749
3701,749
3702,749
3703,749
3704,749
3705,749
3706,749
3707,749
3708,750
3709,750
3710,750
3711,750
3712,750
3713,750
3714,750
3715,751
3716,751
3717,751
3718,751
3719,751
3720,751
3721,752
3722,752
3723,752
3724,752
3725,752
3726,752
3727,753
3728,753
3729,753
3730,753
3731,753
3732,753
3733,753
3734,753
3735,754
3736,754
3737,754
3738,754
3739,754
3740,754
3741,754
3742,754
3743,755
3744,755
3745,755
3746,755
3747,755
3748,755
3749,755
3750,755
3751,755
3752,756
3753,756
3754,756
3755,756
3756,756
3757,756
3758,756
3759,756
3760,757
3761,757
3762,757
3763,757
3764,757
3765,757
3766,757
3767,758
3768,758
3769,758
3770,758
3771,758
3772,759
3773,759
3774,759
3775,759
3776,759
3777,759
3778,760
3779,760
3780,760
3781,760
3782,760
3783,760
3784,761
3785,761
3786,761
3787,761
3788,761
3789,761
3790,761
3791,762
3792,762
3793,762
3794,762
3795,762
3796,762
3797,762
3798,763
3799,763
3800,763
3801,763
3802,763
3803,763
3804,763
3805,763
3806,764
3807,764
3808,764
3809,764
3810,764
3811,764
3812,764
3813,765
3814,765
3815,765
3816,765
3817,765
3818,765
3819,765
3820,765
3821,766
3822,766
3823,766
3824,766
3825,766
3826,766
3827,766
3828,766
3829,767
3830,767
3831,767
3832,767
3833,767
3834,767
3835,767
3836,767
3837,768
3838,768
3839,768
3840,768
3841,768
3842,768
3843,768
3844,769
3845,769
3846,769
3847,769
3848,769
3849,769
3850,769
3851,769
3852,770
3853,770
3854,770
3855,770
3856,770
3857,770
3858,770
3859,770
3860,771
3861,771
3862,771
3863,771
3864,771
3865,771
3866,771
3867,772
3868,772
3869,772
3870,772
3871,772
3872,772
3873,772
3874,773
3875,773
3876,773
3877,773
3878,773
3879,773
3880,774
3881,774
3882,774
3883,774
3884,774
3885,774
3886,775
3887,775
3888,775
3889,775
3890,775
3891,775
3892,775
3893,776
3894,776
3895,776
3896,776
3897,776
3898,776
3899,776
3900,777
3901,777
3902,777
3903,777
3904,777
3905,777
3906,777
3907,777
3908,778
3909,778
3910,778
3911,778
3912,778
3913,778
3914,778
3915,778
3916,778
3917,779
3918,779
3919,779
3920,779
3921,779
3922,779
3923,779
3924,779
3925,779
3926,780
3927,780
3928,780
3929,780
3930,780
3931,780
3932,780
3933,780
3934,780
3935,781
3936,781
3937,781
3938,781
3939,781
3940,781
3941,781
3942,781
3943,781
3944,782
3945,782
3946,782
3947,782
3948,782
3949,782
3950,782
3951,783
3952,783
3953,783
3954,783
3955,783
3956,783
3957,783
3958,783
3959,784
3960,784
3961,784
3962,784
3963,784
3964,784
3965,784
3966,784
3967,784
3968,785
3969,785
3970,785
3971,785
3972,785
3973,785
3974,785
3975,785
3976,786
3977,786
3978,786
3979,786
3980,786
3981,786
3982,786
3983,786
3984,787
3985,787
3986,787
3987,787
3988,787
3989,787
3990,788
3991,788
3992,788
3993,788
3994,788
3995,788
3996,789
3997,789
3998,789
3999,789
4000,789
4001,789
4002,790
4003,790
4004,790
4005,790
4006,790
4007,791
4008,791
4009,791
4010,791
4011,791
4012,792
4013,792
4014,792
4015,792
4016,792
4017,792
4018,793
4019,793
4020,793
4021,793
4022,793
4023,793
4024,794
4025,794
4026,794
4027,794
4028,794
4029,794
4030,795
4031,795
4032,795
4033,795
4034,795
4035,795
4036,795
4037,796
4038,796
4039,796
4040,796
4041,796
4042,796
4043,796
4044,797
4045,797
4046,797
4047,797
4048,797
4049,797
4050,797
4051,798
4052,798
4053,798
4054,798
4055,798
4056,798
4057,798
4058,798
4059,799
4060,799
4061,799
4062,799
4063,799
4064,799
4065,799
4066,799
4067,800
4068,800
4069,800
4070,800
4071,800
4072,800
4073,800
4074,800
4075,801
4076,801
4077,801
4078,801
4079,801
4080,801
4081,801
4082,801
4083,802
4084,802
4085,802
4086,802
4087,802
4088,802
4089,802
4090,802
4091,803
4092,803
4093,803
4094,803
4095,803
4096,803
4097,803
4098,803
4099,804
4100,804
4101,804
4102,804
4103,804
4104,804
4105,804
4106,804
4107,805
4108,805
4109,805
4110,805
4111,805
4112,805
4113,805
4114,805
4115,806
4116,806
4117,806
4118,806
4119,806
4120,806
4121,806
4122,806
4123,807
4124,807
4125,807
4126,807
4127,807
4128,807
4129,807
4130,808
4131,808
4132,808
4133,808
4134,808
4135,808
4136,808
4137,809
4138,809
4139,809
4140,809
4141,809
4142,809
4143,809
4144,809
4145,810
4146,810
4147,810
4148,810
4149,810
4150,810
4151,810
4152,810
4153,811
4154,811
4155,811
4156,811
4157,811
4158,811
4159,811
4160,811
4161,812
4162,812
4163,812
4164,812
4165,812
4166,812
4167,812
4168,812
4169,812
4170,813
4171,813
4172,813
4173,813
4174,813
4175,813
4176,813
4177,813
4178,813
4179,814
4180,814
4181,814
4182,814
4183,814
4184,814
4185,814
4186,814
4187,814
4188,815
4189,815
4190,815
4191,815
4192,815
4193,815
4194,815
4195,815
4196,815
4197,816
4198,816
4199,816
4200,816
4201,816
4202,816
4203,816
4204,816
4205,816
4206,816
4207,817
4208,817
4209,817
4210,817
4211,817
4212,817
4213,817
4214,817
4215,817
4216,817
4217,818
4218,818
4219,818
4220,818
4221,818
4222,818
4223,818
4224,818
4225,818
4226,818
4227,819
4228,819
4229,819
4230,819
4231,819
4232,819
4233,819
4234,819
4235,819
4236,820
4237,820
4238,820
4239,820
4240,820
4241,820
4242,820
4243,820
4244,820
4245,820
4246,821
4247,821
4248,821
4249,821
4250,821
4251,821
4252,821
4253,821
4254,821
4255,821
4256,822
4257,822
4258,822
4259,822
4260,822
4261,822
4262,822
4263,822
4264,822
4265,823
4266,823
4267,823
4268,823
4269,823
4270,823
4271,823
4272,823
4273,823
4274,824
4275,824
4276,824
4277,824
4278,824
4279,824
4280,824
4281,824
4282,824
4283,825
4284,825
4285,825
4286,825
4287,825
4288,825
4289,825
4290,825
4291,825
4292,825
4293,826
4294,826
4295,826
4296,826
4297,826
4298,826
4299,826
4300,826
4301,826
4302,826
4303,827
4304,827
4305,827
4306,827
4307,827
4308,827
4309,827
4310,827
4311,827
4312,827
4313,828
4314,828
4315,828
4316,828
4317,828
4318,828
4319,828
4320,828
4321,828
4322,829
4323,829
4324,829
4325,829
4326,829
4327,829
4328,829
4329,829
4330,829
4331,830
4332,830
4333,830
4334,830
4335,830
4336,830
4337,830
4338,830
4339,830
4340,831
4341,831
4342,831
4343,831
4344,831
4345,831
4346,831
4347,831
4348,831
4349,832
4350,832
4351,832
4352,832
4353,832
4354,832
4355,832
4356,833
4357,833
4358,833
4359,833
4360,833
4361,833
4362,833
4363,834
4364,834
4365,834
4366,834
4367,834
4368,834
4369,834
4370,835
4371,835
4372,835
4373,835
4374,835
4375,835
4376,835
4377,836
4378,836
4379,836
4380,836
4381,836
4382,836
4383,836
4384,837
4385,837
4386,837
4387,837
4388,837
4389,837
4390,837
